Growth Profitability and Financial Ratios for Safari World PLC
Financials
,2005-12,2006-12,2007-12,2008-12,2009-12,2010-12,2012-12,2013-12,2014-12,2015-12,TTM
Revenue THB Mil,,"1,003","1,148","1,276","1,131","1,393","1,970","2,095","1,769","1,888","1,888"
Gross Margin %,,55.6,58.7,37.3,38.8,45.7,53.2,53.5,47.8,43.0,43.0
Operating Income THB Mil,,-163,-110,776,112,48,103,205,-7,92,92
Operating Margin %,,-16.3,-9.6,60.8,9.9,3.4,5.2,9.8,-0.4,4.9,4.9
Net Income THB Mil,,-360,-333,-172,-19,"1,662",136,183,-24,50,50
Earnings Per Share THB,,-0.36,-0.33,-0.17,-0.02,1.66,0.14,0.18,-0.02,0.03,0.03
Dividends THB,,,,,,,,,,,
Payout Ratio %,,,,,,,,,,,
Shares Mil,,"1,000","1,000",,"1,000","1,000","1,000","1,000","1,000","1,600","1,600"
Book Value Per Share THB,,,,-0.40,-0.58,,,,,,1.15
Operating Cash Flow THB Mil,,115,195,,212,308,585,511,310,470,470
Cap Spending THB Mil,,-92,-121,,-47,-50,-187,-248,-125,-618,-618
Free Cash Flow THB Mil,,23,74,,165,258,398,263,185,-148,-148
Free Cash Flow Per Share THB,,,,0.07,0.07,,,,,,
Working Capital THB Mil,,"-2,387","-2,675","-2,994","-3,430",-313,-410,-534,-473,547,

Key Ratios -> Profitability
Margins % of Sales,2005-12,2006-12,2007-12,2008-12,2009-12,2010-12,2012-12,2013-12,2014-12,2015-12,TTM
Revenue,,100.00,100.00,100.00,100.00,100.00,100.00,100.00,100.00,100.00,100.00
COGS,,44.40,41.31,,42.34,54.32,46.79,46.50,52.25,57.01,57.01
Gross Margin,,55.60,58.69,37.33,38.76,45.68,53.21,53.50,47.75,42.99,42.99
SG&A,,41.34,39.56,39.19,45.57,42.27,40.11,40.26,38.59,32.58,32.58
R&D,,,,,,,,,,,
Other,,30.53,28.71,,2.24,,7.88,6.10,10.73,6.97,6.97
Operating Margin,,-16.27,-9.59,60.81,9.86,3.41,5.23,9.79,-0.42,4.90,4.90
Net Int Inc & Other,,16.27,9.59,-60.81,-9.86,115.92,2.69,,,,
EBT Margin,,,,,,119.33,7.92,9.79,-0.42,4.90,4.90

Profitability,2005-12,2006-12,2007-12,2008-12,2009-12,2010-12,2012-12,2013-12,2014-12,2015-12,TTM
Tax Rate %,,,,,,,12.82,10.73,,45.30,45.30
Net Margin %,,-35.83,-29.01,-13.45,-1.70,119.32,6.90,8.74,-1.38,2.67,2.67
Asset Turnover (Average),,0.26,0.30,0.35,0.33,0.42,0.58,0.61,0.51,0.47,0.47
Return on Assets %,,-9.25,-8.65,-4.68,-0.55,49.88,4.02,5.30,-0.71,1.25,1.25
Financial Leverage (Average),,,,,,3.02,2.83,2.54,2.44,1.77,1.77
Return on Equity %,,,,,,704.58,11.38,14.19,-1.76,2.50,2.50
Return on Invested Capital %,,,,,,127.78,8.29,7.81,-0.81,1.38,1.38
Interest Coverage,,-0.83,-0.49,3.48,0.85,7.10,,,,,

Key Ratios -> Growth
,2005-12,2006-12,2007-12,2008-12,2009-12,2010-12,2012-12,2013-12,2014-12,2015-12,Latest Qtr
Revenue %
Year over Year,,,14.41,11.10,-11.30,23.14,,6.36,-15.55,6.71,-1.65
3-Year Average,,,,,4.08,6.66,20.29,14.56,,-1.40,
5-Year Average,,,,,,,11.40,10.43,9.35,6.26,
10-Year Average,,,,,,,,,,,
Operating Income %
Year over Year,,,,,-85.62,-57.40,,99.29,,,72.04
3-Year Average,,,,,,,-2.64,62.84,,-3.52,
5-Year Average,,,,,,,,-23.36,,14.24,
10-Year Average,,,,,,,,,,,
Net Income %
Year over Year,,,,,,,,34.70,,,
3-Year Average,,,,,,,,-52.07,,-28.19,
5-Year Average,,,,,,,,,,-50.32,
10-Year Average,,,,,,,,,,,
EPS %
Year over Year,,,,,,,,35.29,,,-18.50
3-Year Average,,,,,,,,-51.98,,-39.58,
5-Year Average,,,,,,,,,,-55.20,
10-Year Average,,,,,,,,,,,

Key Ratios -> Cash Flow
Cash Flow Ratios,2005-12,2006-12,2007-12,2008-12,2009-12,2010-12,2012-12,2013-12,2014-12,2015-12,TTM
Operating Cash Flow Growth % YOY,,,69.64,,,45.36,43.07,-12.59,-39.42,51.68,
Free Cash Flow Growth % YOY,,,221.16,,,56.90,146.14,-33.98,-29.73,,
Cap Ex as a % of Sales,,9.18,10.57,,4.17,3.56,9.48,11.86,7.07,32.75,32.75
Free Cash Flow/Sales %,,2.29,6.44,,14.54,18.53,20.23,12.55,10.45,-7.86,-7.86
Free Cash Flow/Net Income,,-0.06,-0.22,,-8.58,0.16,2.93,1.44,-7.57,-2.95,-2.95

Key Ratios -> Financial Health
Balance Sheet Items (in %),2005-12,2006-12,2007-12,2008-12,2009-12,2010-12,2012-12,2013-12,2014-12,2015-12,Latest Qtr
Cash & Short-Term Investments,,2.71,3.13,2.18,4.57,5.17,5.79,2.73,1.86,21.08,21.08
Accounts Receivable,,1.25,1.88,1.06,0.09,1.71,2.74,3.61,3.00,1.94,1.94
Inventory,,1.08,1.02,1.33,1.34,2.99,1.00,1.01,1.07,0.87,0.87
Other Current Assets,,0.05,0.47,1.25,5.78,-0.41,,,,,
Total Current Assets,,5.09,6.50,5.81,11.78,9.47,9.53,7.34,5.93,23.90,23.90
Net PP&E,,87.92,85.81,81.48,79.00,80.39,75.84,74.26,74.82,64.26,64.26
Intangibles,,,,,,,,,,,
Other Long-Term Assets,,6.99,7.70,12.71,9.21,10.15,14.62,18.40,19.25,11.84,11.84
Total Assets,,100.00,100.00,100.00,100.00,100.00,100.00,100.00,100.00,100.00,100.00
Accounts Payable,,0.84,0.79,0.73,,1.34,9.20,,,,
Short-Term Debt,,1.94,2.91,87.63,,11.68,11.34,10.53,10.39,6.48,6.48
Taxes Payable,,,,,,,0.37,0.13,0.36,0.42,0.42
Accrued Liabilities,,62.14,68.95,1.79,3.70,,,,,,
Other Short-Term Liabilities,,1.57,4.02,0.89,107.65,6.16,0.73,11.81,9.23,5.33,5.33
Total Current Liabilities,,66.50,76.67,91.03,111.35,19.18,21.64,22.47,19.99,12.22,12.22
Long-Term Debt,,34.60,32.34,23.61,4.35,46.40,1.60,32.99,34.53,27.19,27.19
Other Long-Term Liabilities,,0.74,1.60,1.75,1.58,1.28,41.46,5.24,4.49,3.90,3.90
Total Liabilities,,101.84,110.61,116.40,117.28,66.86,64.71,60.70,59.00,43.32,43.32
Total Stockholders' Equity,,-1.84,-10.61,-16.40,-17.28,33.14,35.29,39.30,41.00,56.68,56.68
Total Liabilities & Equity,100.00,100.00,100.00,100.00,100.00,100.00,100.00,100.00,100.00,100.00,100.00

Liquidity/Financial Health,2005-12,2006-12,2007-12,2008-12,2009-12,2010-12,2012-12,2013-12,2014-12,2015-12,Latest Qtr
Current Ratio,,0.08,0.08,0.06,0.11,0.49,0.44,0.33,0.30,1.96,1.96
Quick Ratio,,0.06,0.07,0.04,0.04,0.36,0.39,0.28,0.24,1.89,1.89
Financial Leverage,,,,,,3.02,2.83,2.54,2.44,1.77,1.77
Debt/Equity,,,,,,1.43,0.05,0.89,0.87,0.50,0.50

Key Ratios -> Efficiency Ratios
Efficiency,2005-12,2006-12,2007-12,2008-12,2009-12,2010-12,2012-12,2013-12,2014-12,2015-12,TTM
Days Sales Outstanding,,14.83,15.89,13.78,6.51,7.40,17.18,19.17,23.56,18.54,18.54
Days Inventory,,34.25,31.04,,35.38,34.38,13.44,13.00,14.09,13.03,13.03
Payables Period,,26.89,24.23,,,20.86,123.26,124.36,117.83,76.46,76.46
Cash Conversion Cycle,,22.19,22.70,,,20.92,-92.65,-92.19,-80.17,-44.90,-44.90
Receivables Turnover,,24.60,22.97,26.48,56.09,49.31,21.25,19.04,15.49,19.69,19.69
Inventory Turnover,,10.66,11.76,,10.32,10.62,27.16,28.08,25.90,28.01,28.01
Fixed Assets Turnover,,0.29,0.34,0.42,0.41,0.52,0.77,0.81,0.69,0.68,0.68
Asset Turnover,,0.26,0.30,0.35,0.33,0.42,0.58,0.61,0.51,0.47,0.47
